/data/scMultiome/paper/files/multi18_DEGs_no_doublets_11042025.tsv